2596
1 1 1474.78
2 2 9.13665
3 3 69.6147
4 4 68.6011
5 1 -9.01713
5 5 13.888
6 6 116.829
7 4 -34.6202
7 6 -10.9612
7 7 52.7673
8 8 30.2579
9 5 -4.87092
9 9 7.17445
10 2 -3.40599
10 9 -0.905633
10 10 5.70953
11 3 -8.81057
11 11 27.1858
12 11 -1.2387
12 12 1.2387
13 13 7.14265
14 14 12.9534
15 15 1696.76
16 15 -30.6748
16 16 30.6748
17 15 -30.4878
17 17 30.4878
18 15 -30.3951
18 18 30.3951
19 15 -30.3951
19 19 30.3951
20 20 5746.12
21 20 -5714.29
21 21 5735.02
22 21 -5.20562
22 22 5.20562
23 21 -5.18672
23 23 5.18672
24 21 -5.18135
24 24 5.18135
25 21 -5.16262
25 25 5.16262
26 8 -3.75249
26 26 4.37134
27 4 -0.475511
27 27 9.12347
28 27 -2.3736
28 28 2.3736
29 27 -2.43902
29 29 2.43902
30 27 -1.19033
30 30 1.19033
31 31 1.68821
32 31 -0.625469
32 32 1.68821
33 33 0.658198
34 3 -31.1527
34 13 -1.85192
34 34 56.3146
35 3 -16.0668
35 8 -0.497587
35 26 -0.61885
35 35 10018.3
36 36 10000
37 6 -56.8182
37 7 -4.77373
37 20 -18.2482
37 37 80.3335
38 11 -7.4184
38 38 74.9912
39 38 -15.674
39 39 16.4174
40 40 245.934
41 40 -126.582
41 41 988.901
42 41 -28.9855
42 42 28.9855
43 40 -55.2486
43 43 4403.07
44 41 -833.333
44 44 10833.3
45 40 -64.1026
45 45 118.747
46 46 10000
47 47 104.932
48 46 -10000
48 47 -104.932
48 48 20183.4
49 45 -54.6448
49 49 288.754
50 49 -126.582
50 50 988.901
51 50 -28.9855
51 51 28.9855
52 50 -833.333
52 52 874.317
53 49 -107.527
53 53 1586.1
54 48 -78.4314
54 53 -1428.57
54 54 1957.63
55 53 -50
55 55 50
56 56 29.3255
57 57 112.36
58 58 15.6494
59 59 24.3309
60 60 104.167
61 61 125
62 62 50.7614
63 56 -29.3255
63 63 10059.5
64 63 -30.2115
64 64 159.71
65 63 -10000
65 65 10015.9
66 57 -112.36
66 66 442.002
67 59 -24.3309
67 66 -97.0874
67 67 167.407
68 60 -104.167
68 66 -24.2718
68 67 -30.6748
68 68 289.293
69 67 -15.3139
69 69 190.752
70 58 -15.6494
70 69 -175.439
70 70 225.508
71 64 -40.9836
71 71 96.5392
72 71 -55.5556
72 72 84.9206
73 72 -5.55556
73 73 5.55556
74 66 -32.6533
74 68 -47.5921
74 74 384.902
75 74 -40.3226
75 75 693.104
76 74 -25.4453
76 76 147.394
77 76 -30.03
77 77 5030.03
78 74 -34.3871
78 76 -36.3636
78 78 262.67
79 78 -90.9091
79 79 564.421
80 74 -15.8228
80 80 657.167
81 80 -67.1141
81 81 420.01
82 82 4.97512
83 83 17.2414
84 84 17.5747
85 85 439.08
86 86 6807.5
87 85 -172.414
87 86 -5000
87 87 5319.47
88 87 -147.059
88 88 147.059
89 89 65.3412
90 68 -32.3365
90 90 64.8306
91 90 -32.4941
91 91 645.056
92 91 -163.651
92 92 258.89
93 92 -95.2381
93 93 612.185
94 82 -4.97512
94 83 -17.2414
94 93 -10.9051
94 94 464.085
95 84 -17.5747
95 95 76.572
96 94 -4.80077
96 96 10022.9
97 95 -8.285
97 97 12.1208
98 6 -10.8814
98 38 -46.2963
98 98 57.1777
99 39 -0.743439
99 99 3.13407
100 31 -1.06274
100 32 -1.06274
100 33 -0.658198
100 100 40.74
101 4 -28.665
101 7 -0.777242
101 27 -2.645
101 101 34.2926
102 4 -0.746324
102 7 -1.07297
102 20 -13.587
102 37 -0.493437
102 101 -0.754091
102 102 47.0413
103 4 -4.094
103 6 -38.1679
103 7 -0.561829
103 101 -1.4513
103 102 -30.3875
103 103 10074.7
104 3 -4.86926
104 9 -1.3979
104 10 -1.3979
104 13 -5.29073
104 34 -10.1348
104 35 -1.11276
104 104 24.2033
105 89 -38.3142
105 105 420.762
106 105 -12.0773
106 106 12.0773
107 107 32.1543
108 91 -67.5676
108 107 -32.1543
108 108 1008.81
109 105 -370.37
109 109 10370.4
110 108 -909.091
110 110 10974.8
111 110 -41.8456
111 111 10057
112 112 301.759
113 112 -7.42049
113 113 10040.5
114 113 -7.62486
114 114 10007.6
115 89 -27.027
115 91 -24.1999
115 113 -25.4453
115 115 76.6723
116 91 -357.143
116 116 436.123
117 116 -10.9529
117 117 10.9529
118 118 5.52181
119 74 -188.679
119 118 -5.52181
119 119 228.331
120 120 126.582
121 72 -23.8095
121 120 -126.582
121 121 272.289
122 121 -70.8766
122 122 152.685
123 119 -34.1297
123 122 -40.4858
123 123 111.929
124 122 -41.3223
124 124 97.8116
125 52 -40.9836
125 123 -37.3134
125 124 -32.6797
125 125 363.286
126 85 -266.667
126 116 -68.0272
126 125 -81.3869
126 126 478.193
127 76 -55.5556
127 124 -23.8095
127 127 84.9206
128 127 -5.55556
128 128 5.55556
129 62 -50.7614
129 125 -70.922
129 126 -62.1118
129 129 183.795
130 61 -125
130 130 356.903
131 64 -16.0514
131 131 896.646
132 131 -75.188
132 132 101.01
133 130 -136.986
133 131 -769.231
133 133 918.78
134 133 -12.5628
134 134 12.5628
135 135 10030.2
136 131 -36.176
136 135 -25.4453
136 136 99.826
137 137 108.031
138 138 217.898
139 135 -4.74834
139 137 -72.4638
139 139 90.0656
140 139 -12.8535
140 140 45.53
141 136 -38.2047
141 137 -27.3973
141 138 -28.9855
141 141 94.5875
142 142 36.7032
143 143 20014.6
144 132 -4.40917
144 143 -12.5
144 144 10016.9
145 96 -7.24113
145 145 10022
146 43 -4347.83
146 146 7289
147 146 -2941.18
147 147 12941.2
148 147 -10000
148 148 10000
149 149 5.20562
150 150 73.5294
151 151 13.2979
152 152 10.4058
153 153 34.4828
154 154 13.7174
155 155 28.9855
156 156 144.928
157 157 38.4615
158 158 28.0112
159 159 9.64196
160 160 21.3737
161 161 10.9032
162 162 87.5117
163 162 -46.0829
163 163 145.938
164 164 5.20562
165 165 117.694
166 149 -5.20562
166 164 -5.20562
166 165 -60.6061
166 166 341.337
167 165 -17.331
167 167 34.662
168 168 69.6306
169 162 -11.534
169 169 25.6384
170 170 30.2865
171 171 52.2535
172 160 -10.01
172 172 66.8527
173 130 -51.8135
173 150 -73.5294
173 172 -42.5532
173 173 206.21
174 174 50.6339
175 151 -13.2979
175 165 -11.1857
175 167 -17.331
175 175 53.6349
176 176 860.803
177 176 -172.414
177 177 276.58
178 171 -39.2157
178 176 -20.9808
178 178 88.1766
179 175 -11.8203
179 179 23.6407
180 152 -10.4058
180 168 -9.38967
180 180 28.4912
181 181 23.1482
182 70 -4.9554
182 159 -4.73037
182 182 61.5029
183 66 -147.059
183 153 -34.4828
183 181 -23.1482
183 182 -29.9401
183 183 398.019
184 173 -38.3142
184 183 -91.7431
184 184 192.135
185 185 8.06452
186 163 -46.5116
186 186 126.201
187 169 -14.1044
187 185 -8.06452
187 186 -41.6667
187 187 107.524
188 170 -22.779
188 187 -29.6736
188 188 52.4526
189 189 41.4979
190 190 33.0033
191 191 1149.63
192 166 -80
192 192 824.642
193 184 -41.4079
193 193 247.007
194 165 -28.5714
194 170 -7.50751
194 194 78.9974
195 191 -10.7181
195 195 36.8961
196 70 -5.17063
196 196 5.17063
197 191 -14.7493
197 197 36.4884
198 155 -28.9855
198 191 -1111.11
198 193 -60.6061
198 198 1200.7
199 190 -33.0033
199 192 -666.667
199 193 -106.383
199 199 806.053
200 200 60.0913
201 68 -50.2513
201 163 -13.6612
201 166 -14.881
201 183 -35.1494
201 200 -43.8748
201 201 172.698
202 200 -16.2165
202 202 20.9357
203 179 -11.8203
203 202 -4.71921
203 203 16.5395
204 75 -645.161
204 204 645.161
205 159 -4.91159
205 182 -16.7224
205 205 28.7262
206 187 -8.69565
206 206 18.8945
207 154 -13.7174
207 176 -667.408
207 177 -104.167
207 207 881.148
208 193 -38.61
208 207 -84.3882
208 208 122.998
209 162 -7.45156
209 168 -60.241
209 180 -8.69565
209 187 -5.31915
209 209 81.7073
210 210 1796.92
211 174 -12.7551
211 189 -11.4679
211 191 -13.0548
211 195 -26.178
211 211 84.3763
212 197 -21.7391
212 211 -20.9205
212 212 42.6596
213 130 -43.1035
213 156 -144.928
213 184 -20.6697
213 213 282.23
214 178 -15.0602
214 214 65.8217
215 210 -11.2108
215 215 11.2108
216 174 -37.8788
216 189 -30.03
216 194 -42.9185
216 206 -10.1989
216 216 148.126
217 171 -13.0378
217 178 -12.9199
217 210 -1666.67
217 214 -50.7614
217 217 1743.39
218 166 -175.439
218 186 -38.0228
218 192 -63.2911
218 201 -14.881
218 210 -119.048
218 216 -27.1003
218 218 437.781
219 157 -38.4615
219 219 150.984
220 192 -14.6843
220 219 -86.2069
220 220 100.891
221 182 -5.15464
221 205 -7.0922
221 221 18.9961
222 161 -4.73037
222 172 -4.87329
222 221 -3.15856
222 222 91.1827
223 162 -12.6103
223 223 54.6272
224 207 -11.4679
224 224 18.7353
225 221 -3.59066
225 222 -26.2467
225 225 29.8374
226 64 -72.4638
226 66 -28.5714
226 158 -28.0112
226 183 -36.4963
226 226 165.543
227 163 -39.6825
227 227 85.7655
228 227 -46.0829
228 228 97.4273
229 228 -27.6243
229 229 27.6243
230 219 -26.3158
230 230 26.3158
231 228 -12.7551
231 231 31.2053
232 162 -9.83284
232 223 -42.0168
232 228 -10.9649
232 231 -18.4502
232 232 81.2648
233 160 -11.3636
233 222 -49.505
233 233 60.8686
234 234 29.1759
235 235 2117.08
236 234 -14.556
236 235 -67.5676
236 236 90.2339
237 237 123.457
238 238 188.15
239 238 -41.2546
239 239 59.248
240 240 7.91766
241 86 -46.5116
241 241 2888.02
242 241 -185.185
242 242 314.792
243 235 -14.5985
243 243 14.5985
244 242 -57.1429
244 244 118.493
245 242 -72.4638
245 245 95.938
246 241 -89.2857
246 246 113.152
247 247 582.77
248 247 -270.27
248 248 502.828
249 249 1666.67
250 250 1123.71
251 86 -71.9424
251 251 210.831
252 93 -131.579
252 252 288.219
253 86 -74.6269
253 241 -123.457
253 253 198.084
254 254 383.772
255 247 -312.5
255 248 -232.558
255 254 -208.333
255 255 910.256
256 256 10133
257 241 -92.5926
257 250 -92.5926
257 257 185.185
258 142 -21.5517
258 255 -31.4465
258 258 261.849
259 240 -7.91766
259 259 20.8543
260 255 -71.9424
260 260 190.99
261 237 -2.81849
261 258 -128.205
261 261 131.024
262 95 -9.67118
262 262 183.095
263 250 -78.7402
263 255 -53.4759
263 263 132.216
264 93 -12.6743
264 94 -239.447
264 264 383.701
265 265 1017.58
266 241 -123.457
266 266 246.914
267 86 -94.7867
267 251 -138.889
267 267 566.013
268 95 -7.14286
268 97 -3.83583
268 262 -26.178
268 268 158.607
269 86 -277.778
269 269 486.111
270 235 -2000
270 238 -146.896
270 239 -15.3374
270 268 -53.8828
270 270 2317.2
271 93 -66.0066
271 271 66.0066
272 235 -9.2081
272 244 -61.3497
272 272 70.5578
273 273 1295.09
274 273 -303.03
274 274 606.061
275 241 -13.4409
275 270 -12.7714
275 275 26.2123
276 262 -62.5
276 265 -1000
276 276 1062.5
277 277 5086.96
278 259 -12.9366
278 278 27.5565
279 241 -31.746
279 270 -8.25764
279 279 40.0037
280 270 -29.3255
280 280 29.3255
281 239 -2.65604
281 281 2.65604
282 249 -1666.67
282 267 -144.928
282 282 1811.59
283 86 -138.889
283 283 214.647
284 267 -77.5194
284 269 -208.333
284 284 285.853
285 254 -175.439
285 277 -86.9565
285 285 262.395
286 236 -8.1103
286 286 8.1103
287 237 -18.9753
287 287 18.9753
288 93 -65.3595
288 288 127.471
289 241 -30.03
289 250 -119.048
289 260 -119.048
289 277 -5000
289 289 5268.13
290 256 -52.356
290 290 52.356
291 86 -49.0196
291 241 -833.333
291 288 -62.1118
291 291 944.465
292 93 -31.8471
292 241 -833.333
292 283 -75.7576
292 292 940.938
293 86 -57.1429
293 93 -38.3142
293 241 -138.889
293 293 234.346
294 86 -57.1429
294 93 -38.3142
294 241 -138.889
294 294 234.346
295 295 38.3142
296 296 101.01
297 296 -101.01
297 297 118.432
298 235 -12.8535
298 245 -23.4742
298 295 -38.3142
298 298 74.6418
299 235 -12.8535
299 241 -13.2802
299 297 -17.4216
299 299 43.5553
300 95 -33.8983
300 265 -17.5747
300 300 122.395
301 268 -67.5676
301 301 153.774
302 86 -689.655
302 267 -109.89
302 302 799.545
303 273 -714.286
303 303 1428.57
304 304 1380.58
305 304 -263.158
305 305 459.236
306 306 37.8788
307 234 -14.6199
307 266 -123.457
307 307 138.077
308 308 81.3008
309 237 -69.6864
309 278 -14.6199
309 309 84.3063
310 241 -16.8067
310 246 -23.8664
310 252 -21.5054
310 310 62.1784
311 264 -131.579
311 311 200.544
312 274 -303.03
312 303 -714.286
312 312 1295.09
313 252 -135.135
313 313 135.135
314 262 -84.7458
314 301 -86.2069
314 314 170.953
315 86 -250
315 273 -277.778
315 304 -208.333
315 305 -196.078
315 312 -277.778
315 315 1688.8
316 315 -322.581
316 316 360.175
317 250 -833.333
317 256 -10000
317 317 10833.3
318 94 -110.67
318 145 -14.7711
318 270 -34.3643
318 318 169.825
319 315 -125
319 319 1236.11
320 270 -16.3666
320 320 16.3666
321 241 -88.4956
321 256 -80.6452
321 321 169.141
322 93 -32.1543
322 306 -37.8788
322 316 -37.594
322 322 107.627
323 93 -34.8432
323 308 -81.3008
323 315 -31.25
323 323 147.394
324 93 -24.0385
324 324 51.8936
325 93 -14.4092
325 94 -76.0456
325 324 -27.8551
325 325 118.31
326 93 -16.5017
326 311 -68.9655
326 326 85.4672
327 241 -89.2857
327 258 -80.6452
327 327 169.931
328 110 -10000
328 328 10000
329 304 -909.091
329 319 -1111.11
329 329 2020.2
330 330 2.40964
331 331 0.881057
332 332 1.66667
333 333 2.60892
334 334 1.44613
335 330 -2.40964
335 335 30.2648
336 331 -0.881057
336 336 218.272
337 332 -1.66667
337 335 -27.8551
337 336 -217.391
337 337 260.917
338 337 -3.84025
338 338 19.0842
339 337 -3.9557
339 339 19.1996
340 337 -6.20819
340 338 -15.2439
340 339 -15.2439
340 340 59.702
341 340 -8.1103
341 341 20.8817
342 340 -14.8957
342 341 -12.7714
342 342 66.7209
343 342 -5.67537
343 343 15.1451
344 342 -10.7124
344 344 28.1037
345 342 -4.21585
345 345 26.6374
346 343 -9.4697
346 344 -17.3913
346 345 -22.4215
346 346 102.521
347 346 -14.0845
347 347 54.5703
348 347 -40.4858
348 348 79.0959
349 346 -20.7039
349 348 -38.61
349 349 83.5858
350 333 -2.60892
350 334 -1.44613
350 349 -24.2718
350 350 28.3269
351 351 7.37463
352 352 14.9126
353 352 -5.28933
353 353 17.0489
354 354 28.9787
355 355 2.16497
356 356 13.5956
357 357 1.30731
358 358 46.9484
359 359 18.5545
360 360 8.05153
361 361 509.452
362 362 22.4661
363 353 -3.81679
363 363 96.662
364 363 -9.14913
364 364 9.14913
365 363 -9.14913
365 365 9.14913
366 142 -15.1515
366 237 -4.00481
366 351 -7.37463
366 366 41.8684
367 110 -10.7701
367 111 -7.27802
367 346 -18.4502
367 367 307.332
368 111 -7.82473
368 367 -104.167
368 368 111.991
369 369 72.9927
370 110 -13.0805
370 112 -8.62441
370 342 -18.4502
370 370 40.155
371 369 -72.9927
371 371 239.659
372 367 -166.667
372 371 -166.667
372 372 333.333
373 363 -9.14913
373 373 9.14913
374 363 -9.14913
374 374 9.14913
375 355 -2.16497
375 375 122.031
376 375 -2.01939
376 376 2.01939
377 375 -2.01939
377 377 2.01939
378 375 -2.01939
378 378 2.01939
379 375 -1.95963
379 379 1.95963
380 375 -1.95963
380 380 1.95963
381 375 -1.95963
381 381 1.95963
382 353 -7.94281
382 354 -6.19963
382 382 14.1424
383 354 -22.779
383 356 -5.34474
383 383 84.2663
384 383 -8.14332
384 384 8.14332
385 383 -8.03213
385 385 8.03213
386 383 -16.5017
386 386 16.5017
387 383 -16.5017
387 387 16.5017
388 363 -34.965
388 388 94.0394
389 375 -105.82
389 388 -22.9885
389 389 128.809
390 388 -7.07714
390 390 7.07714
391 388 -7.07714
391 391 7.07714
392 383 -6.96379
392 392 10.4156
393 393 32.2581
394 357 -0.57006
394 394 20.1625
395 357 -0.737246
395 363 -4.92611
395 388 -4.73934
395 392 -3.45185
395 394 -19.5925
395 395 785.908
396 396 97.0309
397 397 690.476
398 356 -8.25083
398 395 -76.3359
398 398 84.5867
399 395 -77.5194
399 399 77.5194
400 400 10000
401 388 -9.4162
401 401 29.1098
402 401 -8.03859
402 402 8.03859
403 362 -11.0375
403 403 11.0375
404 375 -2.10881
404 404 5.64488
405 388 -7.77605
405 395 -10.7181
405 405 18.4942
406 395 -473.788
406 396 -86.4304
406 406 10591.2
407 363 -10.7585
407 395 -89.2857
407 407 100.044
408 352 -2.93427
408 408 2.93427
409 352 -6.68896
409 404 -3.53607
409 409 10.225
410 410 10155.5
411 15 -1574.8
411 410 -10000
411 411 11741.8
412 38 -5.60255
412 410 -80.1925
412 412 111.706
413 14 -12.9534
413 99 -2.39063
413 412 -9.42507
413 413 24.7691
414 414 319.016
415 415 319.016
416 79 -48.0769
416 416 362.042
417 79 -48.0769
417 417 362.042
418 418 39.2582
419 418 -9.38967
419 419 9.38967
420 420 1716.99
421 420 -38.7597
421 421 38.7597
422 420 -11.5607
422 422 11.5607
423 423 606.961
424 424 293.411
425 54 -119.048
425 423 -526.316
425 425 905.995
426 425 -73.5294
426 426 536.205
427 425 -35.5872
427 427 35.5872
428 428 305.94
429 428 -25
429 429 25
430 428 -37.037
430 430 37.037
431 414 -227.273
431 428 -121.951
431 431 349.224
432 415 -227.273
432 428 -121.951
432 432 349.224
433 414 -91.7431
433 415 -91.7431
433 416 -91.7431
433 417 -91.7431
433 433 602.028
434 433 -32.0513
434 434 32.0513
435 435 83.682
436 436 21.4592
437 426 -454.546
437 437 548.225
438 437 -45.6621
438 438 45.6621
439 437 -6.22278
439 439 22.0206
440 439 -11.1682
440 440 11.1682
441 437 -12.1212
441 441 45.4102
442 441 -33.2889
442 442 33.2889
443 443 1625.39
444 443 -73.5294
444 444 1323.53
445 54 -184.524
445 445 298.367
446 445 -46.729
446 446 46.729
447 54 -147.059
447 80 -476.19
447 445 -67.1141
447 447 1251.7
448 81 -158.73
448 448 178.454
449 447 -73.5294
449 449 2073.53
450 81 -175.439
450 449 -2000
450 450 2196.81
451 450 -21.3675
451 451 21.3675
452 78 -101.01
452 80 -98.0392
452 452 237.363
453 452 -38.3142
453 453 38.3142
454 79 -377.358
454 454 413.33
455 454 -35.9712
455 455 35.9712
456 456 105.573
457 456 -24.2718
457 457 24.2718
458 437 -29.6736
458 444 -1250
458 458 1323.68
459 458 -18.6916
459 459 18.6916
460 439 -4.62963
460 458 -25.3164
460 460 51.6852
461 460 -21.7391
461 461 21.7391
462 416 -222.222
462 417 -222.222
462 462 492.988
463 462 -48.5437
463 463 48.5437
464 81 -18.7266
464 448 -19.7239
464 464 86.2965
465 464 -26.8817
465 465 92.6712
466 424 -212.766
466 425 -151.515
466 466 414.032
467 466 -49.7512
467 467 49.7512
468 468 10000
469 469 10000
470 420 -1666.67
470 443 -1111.11
470 470 2777.78
471 471 71.3025
472 471 -24.6711
472 472 24.6711
473 400 -10000
473 473 10004.1
474 359 -18.5545
474 363 -5.5991
474 393 -16.129
474 395 -24.8139
474 473 -4.095
474 474 69.1915
475 3 -8.71536
475 475 31.9473
476 411 -48.8998
476 476 81.2622
477 411 -68.3739
477 477 228.759
478 103 -10000
478 412 -3.2532
478 471 -11.0108
478 477 -160.385
478 478 10195.9
479 358 -46.9484
479 361 -9.4518
479 393 -16.129
479 406 -23.9702
479 479 118.973
480 361 -500
480 479 -9.02527
480 480 509.025
481 471 -2.51756
481 481 26.8922
482 476 -32.3625
482 482 111.103
483 406 -10000
483 482 -78.7402
483 483 10078.7
484 481 -4.5977
484 484 22.317
485 481 -4.42556
485 485 12.7312
486 44 -10000
486 411 -49.7512
486 486 10101.3
487 487 5.74383
488 488 5.74383
489 489 6.96864
490 490 7.07714
491 481 -2.89276
491 485 -8.30565
491 487 -5.74383
491 488 -5.74383
491 491 41.5686
492 471 -2.24341
492 481 -3.44151
492 489 -6.96864
492 490 -7.07714
492 491 -16.9133
492 492 10036.6
493 493 11.236
494 494 121.951
495 495 46.2963
496 496 303.03
497 497 104.167
498 498 20.0803
499 499 87.3317
500 499 -39.3701
500 500 39.3701
501 501 227.983
502 501 -33.1963
502 502 120.839
503 503 121.516
504 121 -51.0204
504 213 -73.5294
504 504 195.978
505 494 -121.951
505 501 -18.5874
505 504 -71.4286
505 505 292.526
506 48 -10000
506 443 -155.039
506 506 10155
507 501 -58.1395
507 503 -42.9185
507 507 295.708
508 507 -12.0337
508 508 265.044
509 507 -53.0504
509 509 912.198
510 433 -181.818
510 435 -83.682
510 510 2646.45
511 509 -12.0919
511 511 29.7886
512 512 99.0099
513 495 -46.2963
513 503 -55.5556
513 513 185.307
514 513 -9.38086
514 514 28.3245
515 507 -20.4918
515 509 -82.6446
515 515 688.143
516 423 -80.6452
516 424 -80.6452
516 443 -285.714
516 515 -416.667
516 516 863.671
517 515 -10.3413
517 517 27.5301
518 515 -18.1818
518 518 18.1818
519 426 -8.13008
519 519 93.0436
520 509 -238.095
520 510 -2380.95
520 512 -99.0099
520 520 2718.06
521 496 -303.03
521 501 -32.6797
521 505 -41.4938
521 507 -39.0625
521 521 520.433
522 497 -104.167
522 507 -40.1606
522 521 -104.167
522 522 260.499
523 498 -20.0803
523 522 -12.0048
523 523 247.527
524 524 220.543
525 525 78.7402
526 505 -17.6056
526 526 71.7446
527 526 -21.4592
527 527 149.738
528 528 336.292
529 528 -196.078
529 529 196.078
530 530 261.718
531 501 -42.5532
531 526 -32.6797
531 531 204.138
532 531 -53.7173
532 532 527.873
533 524 -158.73
533 533 158.73
534 436 -21.4592
534 509 -526.316
534 531 -75.188
534 534 740.919
535 534 -21.4592
535 535 37.4849
536 501 -42.8265
536 515 -80.6452
536 534 -56.4972
536 536 698.459
537 447 -487.805
537 536 -416.667
537 537 904.472
538 536 -21.1416
538 538 105.91
539 536 -18.1818
539 539 18.1818
540 513 -74.0741
540 540 95.5333
541 541 13.9958
542 534 -40
542 536 -62.5
542 542 256.968
543 469 -10000
543 541 -13.9958
543 542 -42.9185
543 543 10075.1
544 468 -10000
544 543 -18.1818
544 544 10018.2
545 418 -29.8686
545 464 -20.9644
545 542 -21.4592
545 545 72.2922
546 125 -100
546 542 -90.0901
546 546 190.09
547 507 -29.8508
547 515 -59.1716
547 547 89.0224
548 548 7.94281
549 549 8.53242
550 550 35.3357
551 548 -7.94281
551 551 65.6272
552 551 -17.5131
552 552 35.1024
553 34 -13.1752
553 503 -23.0415
553 553 67.9899
554 532 -35.9712
554 554 351.651
555 551 -15.4799
555 555 58.73
556 555 -16.2602
556 556 150.628
557 555 -8.59107
557 557 25.1474
558 552 -3.01205
558 557 -16.5563
558 558 103.31
559 556 -64.9351
559 559 73.9117
560 552 -14.5773
560 560 20.0477
561 553 -26.738
561 561 200.633
562 561 -135.135
562 562 143.595
563 1 -5.73066
563 2 -5.73066
563 549 -8.53242
563 562 -8.46024
563 563 31.8404
564 433 -21.1864
564 456 -81.3008
564 555 -10.9529
564 564 113.44
565 565 5.01756
566 11 -9.71817
566 550 -35.3357
566 551 -24.6914
566 555 -7.44602
566 561 -38.7597
566 566 120.183
567 563 -3.38639
567 565 -5.01756
567 566 -4.23191
567 567 12.6359
568 525 -78.7402
568 568 164.055
569 569 20.0803
570 570 14.7059
571 571 11.4286
572 572 14.8588
573 573 18.5185
574 554 -93.4579
574 574 93.4579
575 575 400
576 576 23.7431
577 577 897.215
578 505 -21.4592
578 530 -9.70874
578 578 45.9828
579 556 -7.88644
579 559 -8.97666
579 570 -14.7059
579 579 84.4619
580 579 -2.91545
580 580 16.7467
581 575 -400
581 581 427.649
582 523 -196.078
582 576 -13.3156
582 582 209.394
583 530 -9.25926
583 583 29.9835
584 584 52.2541
585 584 -45.6621
585 585 121.882
586 586 2.53807
587 580 -13.8313
587 587 66.8263
588 588 10.0041
589 589 6.07533
590 590 11.7799
591 589 -6.07533
591 591 15.8601
592 592 7.5643
593 593 10.5374
594 594 63.6943
595 588 -5.06586
595 590 -4.40529
595 595 9.47114
596 596 22.0726
597 586 -2.53807
597 588 -4.93827
597 596 -4.83793
597 597 12.3143
598 587 -14.0845
598 598 14.0845
599 599 6.03865
600 594 -63.6943
600 600 346.18
601 591 -9.78474
601 600 -4.7081
601 601 23.9183
602 601 -5.24659
602 602 10.1971
603 596 -6.49351
603 603 49.1781
604 593 -10.5374
604 603 -4.83793
604 604 30.8
605 603 -10.9649
605 605 31.2901
606 606 3.74392
607 502 -33.3333
607 585 -38.9105
607 596 -10.7411
607 605 -20.3252
607 607 103.31
608 608 44.1091
609 502 -11.0254
609 609 20.3104
610 606 -3.74392
610 608 -41.1523
610 610 44.8962
611 592 -7.5643
611 611 19.3568
612 604 -7.84314
612 612 7.84314
613 502 -27.3224
613 585 -34.0136
613 613 61.336
614 587 -38.9105
614 614 38.9105
615 604 -7.5815
615 611 -11.7925
615 615 19.374
616 590 -7.37463
616 616 7.37463
617 617 51.0204
618 618 27.5733
619 508 -175.439
619 619 180.439
620 619 -5
620 620 7.08986
621 556 -45.0451
621 621 137.261
622 622 12.4667
623 623 18.4185
624 621 -87.7193
624 624 110.761
625 622 -10.6724
625 625 17.1281
626 626 8.50433
627 627 15.8228
628 628 43.104
629 618 -10.0908
629 629 5125.03
630 630 27.8692
631 628 -33.2226
631 630 -5.9312
631 631 39.1538
632 620 -2.08986
632 632 10.6866
633 601 -4.17886
633 633 4.17886
634 626 -5.62746
634 632 -6.8306
634 634 12.4581
635 625 -6.45578
635 626 -2.87687
635 630 -4.34783
635 635 18.688
636 635 -5.00751
636 636 8.03965
637 629 -5000
637 637 5000
638 624 -23.0415
638 638 23.0415
639 508 -56.4972
639 618 -17.4825
639 623 -10.3734
639 627 -15.8228
639 639 100.176
640 602 -4.9505
640 640 4.9505
641 622 -1.79437
641 632 -1.76616
641 641 3.56053
642 623 -8.04505
642 628 -9.88142
642 642 17.9265
643 629 -114.942
643 643 114.942
644 644 87.8136
645 645 32.2326
646 646 35.2361
647 532 -113.636
647 647 132.433
648 648 87.5595
649 649 89.5049
650 645 -26.8097
650 650 43.7588
651 651 35.8325
652 532 -91.3242
652 644 -55.5556
652 652 4092.36
653 650 -16.9491
653 652 -4.4405
653 653 31.9941
654 654 184.768
655 655 330.645
656 656 4.0404
657 655 -80.6452
657 657 188.172
658 658 298.246
659 585 -3.29598
659 659 65.796
660 660 36.6052
661 661 500
662 644 -32.2581
662 662 90.3976
663 532 -45.8716
663 652 -3333.33
663 663 3379.2
664 646 -30.4878
664 664 60.0736
665 655 -250
665 665 340.09
666 652 -97.0874
666 666 623.403
667 667 5.49451
668 532 -63.2911
668 652 -158.73
668 668 222.021
669 669 400
670 651 -15.1286
670 670 69.1826
671 658 -131.579
671 671 184.77
672 532 -12.9702
672 649 -40
672 658 -166.667
672 662 -58.1395
672 672 619.955
673 532 -32.7869
673 672 -24.2718
673 673 57.0587
674 674 340.599
675 674 -322.581
675 675 353.445
676 652 -18.5529
676 676 172.399
677 532 -28.2486
677 654 -39.8406
677 659 -62.5
677 661 -500
677 677 945.506
678 648 -64.9351
678 656 -4.0404
678 677 -4.34783
678 678 73.3233
679 669 -66.6667
679 671 -53.1915
679 679 119.858
680 680 103.554
681 666 -526.316
681 681 1637.43
682 665 -90.0901
682 672 -117.647
682 682 207.737
683 683 1.57903
684 684 1.92308
685 685 1.76491
686 112 -285.714
686 686 328.513
687 686 -18.3486
687 687 18.3486
688 686 -24.4499
688 688 71.2075
689 683 -1.57903
689 684 -1.92308
689 688 -4.40943
689 689 9.8469
690 113 -10000
690 690 10178.9
691 685 -1.76491
691 690 -4.99002
691 691 10040.9
692 691 -10000
692 692 10000
693 689 -1.93536
693 693 36.065
694 688 -8.31255
694 690 -161.29
694 694 187.952
695 691 -34.1297
695 693 -34.1297
695 694 -18.3486
695 695 86.608
696 300 -70.922
696 696 70.922
697 690 -12.6422
697 697 23.453
698 697 -10.8108
698 698 10.8108
699 366 -15.3374
699 688 -3.82995
699 699 27.1355
700 688 -7.37463
700 699 -7.96813
700 700 15.3428
701 111 -10000
701 701 10000
702 237 -27.972
702 688 -22.8311
702 702 50.8031
703 145 -10000
703 703 10000
704 96 -10.8578
704 318 -10.02
704 704 20.8778
705 96 -10000
705 705 10000
706 706 11.0497
707 471 -5.08647
707 492 -10000
707 493 -11.236
707 706 -11.0497
707 707 10067.6
708 471 -25.7732
708 478 -20.6749
708 708 78.9095
709 412 -0.646538
709 478 -0.602845
709 484 -10.7066
709 708 -32.4613
709 709 44.4174
710 35 -10000
710 475 -12.285
710 553 -5.03525
710 710 10017.3
711 36 -10000
711 711 10024.1
712 712 10.7875
713 713 10.929
714 362 -11.4286
714 401 -11.655
714 479 -8.41043
714 712 -10.7875
714 713 -10.929
714 714 102.244
715 360 -8.05153
715 714 -25.0815
715 715 33.133
716 396 -5.33618
716 397 -357.143
716 406 -3.51989
716 716 370.54
717 396 -5.26427
717 397 -333.333
717 406 -3.47246
717 716 -4.54133
717 717 346.611
718 718 14.5138
719 719 14.5138
720 720 14.5138
721 721 14.5138
722 722 14.5138
723 723 14.5138
724 8 -26.0078
724 412 -12.5865
724 475 -10.9469
724 711 -11.7096
724 718 -14.5138
724 719 -14.5138
724 720 -14.5138
724 721 -14.5138
724 722 -14.5138
724 723 -14.5138
724 724 156.811
725 100 -35.5872
725 724 -2.26244
725 725 37.8496
726 479 -5.03778
726 707 -40.2415
726 726 45.2792
727 727 22.7773
728 727 -1.43717
728 728 22.7773
729 729 22.5435
730 729 -0.502538
730 730 22.6313
731 410 -75.3012
731 486 -51.5464
731 727 -21.3402
731 728 -21.3402
731 729 -22.041
731 730 -22.1288
731 731 213.698
732 100 -2.36911
732 732 2.36911
733 481 -9.01713
733 484 -7.01262
733 733 16.0298
734 491 -1.9692
734 711 -12.4378
734 714 -23.9521
734 724 -6.21504
734 734 44.5742
735 735 3.74953
736 736 5.06073
737 737 10.4167
738 738 25.2525
739 739 6.66667
740 135 -10000
740 740 10119.1
741 740 -29.0698
741 741 66.3897
742 132 -21.4133
742 736 -5.06073
742 738 -25.2525
742 740 -9.4162
742 742 97.1519
743 143 -2.09074
743 161 -6.17284
743 222 -2.6688
743 735 -3.74953
743 737 -10.4167
743 742 -36.0091
743 743 65.1497
744 739 -6.66667
744 740 -80.6452
744 744 120.645
745 143 -10000
745 745 10004.5
746 743 -4.04204
746 745 -4.53104
746 746 8.57307
747 747 83.1197
748 747 -15.5521
748 748 35.7541
749 741 -30.1205
749 749 109.486
750 750 36.1538
751 750 -9.19963
751 751 9.19963
752 752 14.2396
753 749 -79.3651
753 753 79.3651
754 754 101.725
755 172 -9.4162
755 755 34.4162
756 744 -33.3333
756 756 61.1497
757 748 -20.202
757 752 -10.2041
757 754 -42.5532
757 756 -27.8164
757 757 100.776
758 747 -67.5676
758 758 67.5676
759 741 -7.19942
759 750 -26.9542
759 759 34.1536
760 760 6.2383
761 137 -8.16993
761 760 -6.2383
761 761 27.1386
762 752 -4.03551
762 762 8.51982
763 762 -4.4843
763 763 4.4843
764 755 -25
764 764 25
765 754 -59.1716
765 765 59.1716
766 761 -4.73037
766 766 7.05595
767 761 -8
767 767 8
768 766 -2.32558
768 768 8.87701
769 768 -3.0303
769 769 3.0303
770 523 -3.67579
770 770 10003.7
771 771 4.69484
772 768 -3.52113
772 771 -4.69484
772 772 8.21596
773 568 -6.57462
773 773 41.973
774 773 -9.19118
774 774 9.19118
775 775 87.9709
776 571 -11.4286
776 581 -9.65717
776 775 -79.3651
776 776 145.414
777 777 24.3462
778 778 27.5103
779 523 -11.6009
779 778 -27.5103
779 779 52.6349
780 530 -5.39084
780 578 -14.8148
780 583 -13.0378
780 779 -3.54359
780 780 53.9043
781 508 -21.0748
781 775 -8.60585
781 776 -7.06714
781 781 36.7478
782 579 -20.4918
782 600 -277.778
782 782 311.008
783 572 -14.8588
783 579 -7.85546
783 782 -12.7388
783 783 35.4532
784 576 -10.4275
784 784 25.0048
785 569 -20.0803
785 785 85.044
786 577 -769.231
786 785 -26.6667
786 786 1295.9
787 779 -9.98004
787 787 18.7984
788 785 -16.8067
788 788 201.344
789 788 -2.93255
789 789 6.31779
790 514 -11.2867
790 790 67.9909
791 790 -32.8947
791 791 32.8947
792 792 18.2348
793 777 -3.90778
793 793 10007.8
794 793 -3.90778
794 794 24.3462
795 514 -7.65697
795 568 -78.7402
795 773 -6.06796
795 777 -5.7971
795 790 -23.8095
795 794 -5.7971
795 795 127.869
796 573 -18.5185
796 581 -4.69043
796 630 -17.5902
796 776 -2.51193
796 785 -5.94177
796 788 -9.19118
796 796 80.278
797 530 -4.80077
797 581 -7.42942
797 776 -3.43525
797 780 -2.54
797 785 -11.0071
797 797 107.374
798 797 -4.81835
798 798 10.8208
799 581 -5.87199
799 792 -10.1833
799 796 -21.8341
799 799 37.8894
800 540 -21.4592
800 777 -14.6413
800 794 -14.6413
800 800 50.7418
801 773 -5.64653
801 801 5.64653
802 523 -4.08664
802 577 -8.93655
802 773 -14.4927
802 784 -14.5773
802 785 -4.54133
802 802 10046.6
803 530 -232.558
803 583 -7.6864
803 797 -4.5106
803 803 290.21
804 803 -45.4545
804 804 45.4545
805 797 -18.8324
805 805 136.479
806 806 4.97512
807 807 4.06504
808 808 13.3333
809 528 -56.1798
809 538 -33.7838
809 809 202.323
810 75 -4.6083
810 810 39.6273
811 810 -26.3158
811 811 26.3158
812 812 500
813 813 805.556
814 814 149.04
815 814 -112.36
815 815 112.36
816 816 67.9857
817 816 -47.6191
817 817 139.776
818 817 -52.6316
818 818 52.6316
819 499 -23.9808
819 528 -84.0336
819 819 340.573
820 819 -232.558
820 820 232.558
821 806 -4.97512
821 821 148.772
822 822 133.555
823 770 -10000
823 823 10000
824 824 10000
825 793 -10000
825 824 -10000
825 825 20000
826 143 -10000
826 826 10000
827 144 -10000
827 827 10000
828 828 12.5922
829 140 -18.6289
829 829 38.1691
830 140 -14.0476
830 830 35.758
831 831 21.5666
832 832 24.8306
833 829 -9.78569
833 830 -12.1507
833 833 25.0614
834 834 65.8387
835 835 97.9651
836 836 13.0424
837 828 -3.39995
837 837 3.39995
838 828 -4.5683
838 838 11.8441
839 829 -9.75447
839 839 9.75447
840 830 -9.5598
840 840 9.5598
841 831 -10.302
841 841 10.302
842 832 -6.55914
842 842 6.55914
843 833 -3.125
843 843 3.125
844 834 -9.81624
844 844 9.81624
845 835 -1.62602
845 845 1.62602
846 836 -6.80605
846 846 6.80605
847 847 6.59598
848 847 -6.59598
848 848 14.4654
849 849 7.85364
850 850 9.01989
851 851 1.96557
852 852 2.9415
853 853 5.11802
854 849 -3.1498
854 854 3.1498
855 850 -6.50601
855 855 6.50601
856 851 -0.805153
856 856 0.805153
857 852 -1.69205
857 857 1.69205
858 851 -1.16042
858 858 3.2522
859 838 -6.66667
859 859 6.66667
860 838 -0.609125
860 860 1.42213
861 860 -0.813008
861 861 0.813008
862 835 -96.3391
862 862 101.713
863 849 -2.352
863 862 -5.37345
863 863 10.5693
864 849 -2.35183
864 864 26.1886
865 864 -20.9205
865 865 20.9205
866 866 71.8512
867 867 5.13592
868 868 79.8959
869 831 -11.2646
869 832 -18.2715
869 836 -6.23636
869 852 -1.24945
869 863 -2.84382
869 864 -2.9163
869 866 -67.1141
869 868 -68.0272
869 869 245.037
870 869 -67.1141
870 870 78.9484
871 868 -7.07714
871 870 -7.09723
871 871 14.1744
872 872 3.43951
873 848 -7.86937
873 850 -2.51389
873 858 -2.09179
873 873 19.1674
874 828 -4.62396
874 834 -56.0224
874 874 65.7432
875 875 268.818
876 853 -5.11802
876 875 -227.273
876 876 232.391
877 138 -59.8802
877 866 -4.73709
877 868 -4.79157
877 870 -4.73709
877 877 144.099
878 867 -5.13592
878 874 -5.09684
878 877 -54.4514
878 878 64.6842
879 879 13.2398
880 822 -77.5194
880 880 77.5194
881 881 15.5594
882 138 -129.032
882 872 -3.43951
882 873 -6.69232
882 875 -41.5455
882 879 -13.2398
882 881 -15.5594
882 882 209.509
883 877 -15.5015
883 883 15.5015
884 884 208.625
885 535 -16.0256
885 813 -11.1359
885 822 -25.641
885 885 67.0702
886 886 34.3789
887 807 -4.06504
887 887 30.7551
888 821 -22.7273
888 888 34.5197
889 889 526.316
890 890 90.1791
891 890 -55.5556
891 891 55.5556
892 892 185.83
893 892 -78.7402
893 893 78.7402
894 894 10037.2
895 579 -18.2149
895 886 -13.2626
895 895 486.023
896 887 -15.949
896 896 48.8437
897 808 -13.3333
897 821 -114.942
897 887 -10.7411
897 896 -32.8947
897 897 242.664
898 898 119.873
899 892 -68.0272
899 899 208.295
900 899 -36.1011
900 900 36.1011
901 901 10010.9
902 902 400
903 556 -16.5017
903 903 27.6499
904 904 479.299
905 904 -256.41
905 905 256.41
906 902 -400
906 906 613.715
907 817 -39.5257
907 907 58.3581
908 532 -13.7552
908 890 -11.7925
908 899 -104.167
908 908 200.901
909 554 -222.222
909 812 -500
909 814 -23.1482
909 909 941.449
910 909 -196.078
910 910 196.078
911 911 131.579
912 532 -18.4843
912 908 -43.4783
912 911 -131.579
912 912 193.542
913 897 -54.054
913 901 -10.8578
913 913 64.9118
914 499 -23.9808
914 511 -6.77966
914 538 -7.0028
914 885 -9.42507
914 898 -21.8341
914 914 181.033
915 915 103.093
916 916 81.9672
917 889 -526.316
917 890 -22.8311
917 897 -3.94322
917 908 -7.66871
917 917 754.964
918 75 -3.01205
918 532 -6.42673
918 810 -8.70322
918 814 -13.5318
918 885 -4.84262
918 917 -121.212
918 918 232.832
919 918 -52.6316
919 919 69.873
920 809 -112.36
920 920 112.36
921 527 -4.55373
921 821 -6.12745
921 894 -24.9377
921 921 123.45
922 906 -17.6367
922 922 10033.8
923 907 -18.8324
923 921 -22.9885
923 923 41.8209
924 888 -11.7925
924 921 -29.0698
924 924 79.7727
925 924 -38.9105
925 925 38.9105
926 511 -10.917
926 898 -98.0392
926 915 -103.093
926 926 212.049
927 579 -3.4153
927 816 -20.3666
927 886 -6.14628
927 892 -39.0625
927 908 -20.0401
927 921 -5.20833
927 927 138.207
928 927 -37.1747
928 928 1045.49
929 928 -1000
929 929 1000
930 917 -72.9927
930 922 -16.1812
930 930 185.328
931 930 -96.1539
931 931 96.1539
932 932 78.7402
933 527 -5.62113
933 921 -23.9808
933 933 187.428
934 933 -131.579
934 934 131.579
935 822 -30.3951
935 914 -29.2398
935 935 94.4781
936 894 -12.2699
936 936 10045.2
937 502 -15.9617
937 884 -114.286
937 886 -14.9701
937 921 -6.58328
937 927 -6.79348
937 928 -8.31947
937 936 -32.8947
937 937 199.808
938 914 -78.7402
938 938 78.7402
939 904 -192.308
939 906 -196.078
939 939 388.386
940 813 -25.1889
940 919 -17.2414
940 940 141.44
941 941 400
942 933 -26.2467
942 942 26.2467
943 943 80.6452
944 897 -12.7551
944 904 -30.581
944 943 -80.6452
944 944 123.981
945 945 3.32336
946 946 10.5263
947 935 -34.8432
947 947 34.8432
948 538 -11.1732
948 948 110.871
949 780 -14.5773
949 787 -8.81834
949 932 -78.7402
949 949 102.136
950 950 59.135
951 950 -4.39947
951 951 26.7659
952 948 -12.9032
952 952 78.2627
953 538 -10.4877
953 953 32.9596
954 940 -99.0099
954 941 -400
954 954 528.25
955 948 -10.8845
955 950 -35.7782
955 953 -22.4719
955 955 69.1346
956 950 -18.9574
956 956 18.9574
957 519 -16.4204
957 948 -18.5014
957 957 153.211
958 948 -35.0877
958 957 -17.8571
958 958 52.9449
959 954 -29.2398
959 959 29.2398
960 952 -65.3595
960 960 465.36
961 945 -3.32336
961 961 17.7283
962 961 -6.06061
962 962 42.961
963 914 -4.03063
963 961 -2.00723
963 963 10.8852
964 538 -22.3214
964 948 -22.3214
964 964 44.6429
965 946 -10.5263
965 951 -4.96278
965 965 31.1243
966 962 -36.9004
966 966 135.91
967 519 -68.4931
967 957 -21.692
967 967 90.1851
968 465 -65.7895
968 961 -6.33713
968 965 -5.9453
968 968 78.0719
969 951 -10.1729
969 965 -9.68992
969 969 26.2813
970 969 -6.41849
970 970 6.41849
971 966 -99.0099
971 971 110.439
972 963 -4.84731
972 971 -11.4286
972 972 16.2759
973 957 -78.7402
973 960 -400
973 973 478.74
974 974 1000
975 951 -7.23066
975 975 7.23066
976 976 131.228
977 976 -72.9927
977 977 72.9927
978 978 11.9904
979 558 -4.59982
979 979 212.933
980 558 -12.407
980 560 -5.47046
980 980 17.8774
981 981 214.386
982 981 -192.308
982 982 192.308
983 974 -1000
983 979 -208.333
983 983 1216.03
984 981 -12.0482
984 984 12.0482
985 524 -43.8597
985 985 73.4422
986 558 -12.0919
986 983 -7.69823
986 986 19.7901
987 903 -11.1483
987 985 -24.2718
987 987 74.9458
988 988 25.2758
989 558 -14.4405
989 976 -11.2867
989 978 -11.9904
989 985 -5.31067
989 989 48.9349
990 989 -5.90667
990 990 5.90667
991 558 -13.86
991 916 -81.9672
991 991 98.7598
992 991 -2.93255
992 992 2.93255
993 517 -12.9534
993 988 -12.4224
993 993 29.4031
994 993 -4.02739
994 994 4.02739
995 517 -4.23549
995 988 -12.8535
995 995 28.3903
996 996 78.7402
997 995 -7.26744
997 996 -78.7402
997 997 95.0738
998 558 -8.06127
998 981 -10.0301
998 995 -4.03388
998 997 -9.06618
998 998 31.1914
999 987 -39.5257
999 999 39.5257
1000 558 -18.2815
1000 1000 18.2815
1001 524 -17.9533
1001 976 -46.9484
1001 1001 64.9017
1002 1002 8.31947
1003 1003 4.08497
1004 1004 3.15856
1005 1005 10.4167
1006 1006 125.026
1007 1006 -4.14938
1007 1007 4.14938
1008 1008 24.42
1009 114 -10000
1009 1009 10093.7
1010 1009 -1.5674
1010 1010 1.5674
1011 1011 41.1523
1012 1012 5.87199
1013 1006 -19.2678
1013 1013 748.248
1014 1014 75.7576
1015 1015 34.6021
1016 1016 4.10214
1017 1017 73.8007
1018 1009 -21.1864
1018 1018 21.1864
1019 1006 -10.4822
1019 1009 -6.29723
1019 1019 60.2577
1020 1020 34.965
1021 1006 -55.2486
1021 1009 -4.24448
1021 1020 -34.965
1021 1021 94.4581
1022 1009 -57.1429
1022 1022 57.1429
1023 1008 -24.42
1023 1013 -15.0716
1023 1023 66.3809
1024 1016 -2.28363
1024 1023 -6.9735
1024 1024 11.0057
1025 1023 -7.35294
1025 1025 11.7895
1026 224 -7.26744
1026 1026 16.8828
1027 1002 -8.31947
1027 1023 -12.5628
1027 1026 -9.61538
1027 1027 38.7723
1028 1025 -4.43656
1028 1027 -3.37268
1028 1028 7.80924
1029 109 -10000
1029 1013 -454.429
1029 1015 -34.6021
1029 1017 -73.8007
1029 1029 10562.8
1030 1006 -14.3267
1030 1013 -32.5733
1030 1030 56.2632
1031 1030 -9.3633
1031 1031 9.3633
1032 1004 -3.15856
1032 1032 19.4366
1033 1019 -43.4783
1033 1033 43.4783
1034 1016 -1.81851
1034 1024 -1.74856
1034 1032 -5.45554
1034 1034 9.02261
1035 1003 -4.08497
1035 1006 -21.5517
1035 1027 -4.90196
1035 1035 34.6353
1036 1032 -10.8225
1036 1035 -4.09668
1036 1036 14.9192
1037 1013 -118.343
1037 1037 118.343
1038 1013 -102.564
1038 1038 102.564
1039 1005 -10.4167
1039 1013 -5.9988
1039 1014 -75.7576
1039 1039 92.173
1040 1009 -3.23939
1040 1011 -41.1523
1040 1012 -5.87199
1040 1040 50.2636
1041 647 -18.797
1041 677 -66.6667
1041 1041 85.4637
1042 648 -22.6244
1042 1042 22.6244
1043 676 -153.846
1043 1043 179.888
1044 1044 51.6919
1045 651 -20.7039
1045 1045 69.2476
1046 674 -18.018
1046 1046 71.2095
1047 532 -11.3895
1047 680 -46.0829
1047 1045 -48.5437
1047 1047 106.016
1048 653 -10.6044
1048 1048 10.6044
1049 672 -40
1049 1049 66.178
1050 77 -5000
1050 660 -17.0358
1050 672 -16.8067
1050 675 -30.8642
1050 1043 -26.0417
1050 1044 -33.8983
1050 1050 5329.35
1051 646 -4.74834
1051 667 -5.49451
1051 1050 -4.7081
1051 1051 18.5584
1052 672 -18.3486
1052 1050 -200
1052 1052 218.349
1053 681 -1111.11
1053 1044 -17.7936
1053 1053 1128.9
1054 652 -333.333
1054 1049 -26.178
1054 1054 359.511
1055 649 -49.505
1055 657 -107.527
1055 1055 267.533
1056 664 -29.5858
1056 1051 -3.6075
1056 1055 -4.11862
1056 1056 37.3119
1057 654 -144.928
1057 680 -57.4713
1057 1057 202.399
1058 660 -19.5695
1058 669 -333.333
1058 672 -19.8413
1058 1046 -53.1915
1058 1055 -106.383
1058 1058 532.318
1059 677 -243.902
1059 1059 295.986
1060 645 -5.42299
1060 1060 5.42299
1061 621 -4.4964
1061 1059 -52.0833
1061 1061 56.5797
1062 1062 9.57345
1063 70 -4.62321
1063 1063 14.9752
1064 1064 15.7732
1065 70 -16.4745
1065 1065 56.4111
1066 1066 14.0056
1067 1067 2.65463
1068 527 -35.2734
1068 584 -6.59196
1068 609 -9.28505
1068 1066 -14.0056
1068 1068 96.3704
1069 1068 -21.645
1069 1069 49.5002
1070 1070 27.633
1071 1067 -2.65463
1071 1071 6.95386
1072 1062 -6.3012
1072 1072 10.517
1073 527 -30.6748
1073 1073 194.609
1074 70 -3.19591
1074 527 -25.8398
1074 1063 -10.352
1074 1073 -163.934
1074 1074 315.572
1075 1064 -11.4942
1075 1072 -4.21585
1075 1074 -5.04032
1075 1075 25.0478
1076 1076 18.6916
1077 1065 -7.2569
1077 1070 -21.097
1077 1076 -18.6916
1077 1077 82.0589
1078 1077 -9.4162
1078 1078 30.821
1079 1079 3.00752
1080 1065 -32.6797
1080 1077 -9.32836
1080 1080 42.0081
1081 1074 -85.4701
1081 1081 85.4701
1082 1075 -4.29738
1082 1082 4.29738
1083 1083 500
1084 1078 -17.6678
1084 1084 17.6678
1085 1062 -3.27225
1085 1078 -3.73692
1085 1085 7.00917
1086 1069 -27.8551
1086 1074 -21.7391
1086 1086 49.5943
1087 1064 -4.27899
1087 1083 -500
1087 1087 504.279
1088 1071 -4.29923
1088 1077 -11.5473
1088 1088 15.8466
1089 1089 12.2137
1090 577 -119.048
1090 1090 123.756
1091 1090 -4.7081
1091 1091 14.6598
1092 603 -26.8817
1092 1068 -9.56938
1092 1092 36.4511
1093 1091 -5.68182
1093 1093 14.9841
1094 636 -3.03214
1094 789 -3.38524
1094 1094 6.41738
1095 65 -15.9236
1095 1077 -4.72144
1095 1095 136.381
1096 1095 -4.4405
1096 1096 16.5075
1097 1097 99.0099
1098 1093 -9.30232
1098 1098 15.8597
1099 1098 -6.55738
1099 1099 6.55738
1100 1095 -7.34214
1100 1097 -99.0099
1100 1100 110.931
1101 608 -2.95683
1101 1100 -4.57875
1101 1101 13.0392
1102 1102 4.52489
1103 1096 -7.5815
1103 1103 7.5815
1104 1104 46.1896
1105 599 -6.03865
1105 1095 -16.2338
1105 1105 22.2724
1106 1089 -9.22509
1106 1106 15.2311
1107 1096 -2.33863
1107 1107 2.33863
1108 1091 -4.26985
1108 1108 4.26985
1109 1106 -6.00601
1109 1109 6.00601
1110 792 -8.05153
1110 1110 10.6797
1111 1111 7.38007
1112 1089 -2.98864
1112 1096 -2.14684
1112 1102 -4.52489
1112 1112 9.66038
1113 1070 -6.53595
1113 1095 -87.7193
1113 1113 94.2553
1114 798 -6.0024
1114 1110 -2.62812
1114 1114 15.2557
1115 1114 -4.38404
1115 1115 4.38404
1116 1114 -2.24115
1116 1116 2.24115
1117 1079 -3.00752
1117 1117 7.46186
1118 1104 -23.1482
1118 1118 23.1482
1119 797 -50
1119 1104 -23.0415
1119 1111 -7.38007
1119 1119 80.4215
1120 1101 -5.50358
1120 1117 -4.45434
1120 1120 9.95792
1121 670 -54.054
1121 672 -105.263
1121 1121 159.317
1122 813 -769.231
1122 1122 791.017
1123 617 -51.0204
1123 884 -94.3396
1123 1123 145.36
1124 527 -26.3158
1124 1124 37.0569
1125 895 -454.546
1125 1125 454.546
1126 894 -10000
1126 1126 10000
1127 776 -31.9489
1127 1127 31.9489
1128 786 -500
1128 1128 500
1129 901 -10000
1129 1129 10015.8
1130 918 -22.4719
1130 1130 22.4719
1131 1131 24.3902
1132 788 -172.414
1132 1132 172.414
1133 922 -10000
1133 1133 10000
1134 936 -10000
1134 1134 10000
1135 1124 -10.7411
1135 1129 -15.8228
1135 1135 26.5639
1136 1122 -21.7865
1136 1131 -24.3902
1136 1136 46.1767
1137 802 -10000
1137 1137 10000
1138 805 -117.647
1138 1138 117.647
